A = [0.2238775712427113 0.2238685941117565 0.2238685941117565 0.2238685941117565 0.2238685941117565 0.2238685941117565 0.2238685941117565 0.2238685941117565 0.2238685941117565 0.22885556060687637 0.22885556060687637 0.22885556060687637 0.22885556060687637 0.22885556060687637 0.22885556060687637 0.22885556060687637 0.22885556060687637 0.22885556060687637 0.22885556060687637 0.23384252511282308 0.23384252511282308 0.23384252511282308 0.23384252511282308 0.23384252511282308 0.23384252511282308 0.23384252511282308 0.23384252511282308 0.23384252511282308 0.23384252511282308 0.23384252511282308 0.23384252511282308 0.23384252511282308 0.23882948762959114 0.23882948762959114 0.23882948762959114 0.24381644815717501 0.24381644815717501 0.24381644815717501 0.24880340669556922 0.27373816954950814 0.2837120607665715 0.29867288267292036 0.3684898148469774 0.4233457023118474 0.5180962136943938 0.6377800436475709 0.6427668450278169 0.6477536444186297 0.6477536444186297 0.6477536444186297 0.6477536444186297 0.6477536444186297 0.6477536444186297 0.6477536444186297 0.6477536444186297 0.6477536444186297 0.6477536444186297 0.6477536444186297 0.6477536444186297 0.6477536444186297 0.6477536444186297 0.6477536444186297 0.6477536444186297 0.6477536444186297 0.6477536444186297 0.6477536444186297 0.6477536444186297 0.6477536444186297 0.6477536444186297 0.6477536444186297 0.6477536444186297 0.6477536444186297 0.6477536444186297 0.6477536444186297 0.6477536444186297 0.6477536444186297 0.6477536444186297 0.6477536444186297 0.6477536444186297 0.6477536444186297 0.6477536444186297 0.6477536444186297 0.6477536444186297 0.6477536444186297 0.6477536444186297 0.6477536444186297 0.6477536444186297 0.6477536444186297 0.6477536444186297 0.6477536444186297 ];
B = [0.20265388987160615 0.2034496078066564 0.2042327060160592 0.20500298748776505 0.20576025783191185 0.20650432536241062 0.20723500117765475 0.20795209924030658 0.20865543645611342 0.21462478913198693 0.21528695168920575 0.21593505113627337 0.21656892357679994 0.21718840832624584 0.21779334797975167 0.21838358847874467 0.21895897917628296 0.21951937290109821 0.22006462602029914 0.2257527811946738 0.22625688529027022 0.22674572812999325 0.22721918606133168 0.22767713911797655 0.22811947107046976 0.22854606947535905 0.22895682572282772 0.22935163508277268 0.22973039674930248 0.23009301388362932 0.23043939365532895 0.23076944728194485 0.2361286712192612 0.23641954904747553 0.23669420018857745 0.2419799075030241 0.24221671516724738 0.24243744702164277 0.24765460090803057 0.2728776463881337 0.28303483059989853 0.29816425447443956 0.36821702940575496 0.42320132380136166 0.5180510986766729 0.6377766059329796 0.6427650396232167 0.6477528486459042 0.6477533460034847 0.6477536444186297 ];
C = [0.16899165677111386 0.16898488047715693 0.17368288236832918 0.17826063952424462 0.18270194720956637 0.18699076793207114 0.19111132684077808 0.19504820756427305 0.1987864476827151 0.2068183899310724 0.21019022201843668 0.21331683843200644 0.21618573875980573 0.21878533964367625 0.2211050526311511 0.2231353559875252 0.22486785978692475 0.22629536365989605 0.2274119066413965 0.233185767009947 0.23367816237789865 0.23384252511282308 0.23367816237789862 0.23318576700994698 0.23236741265419739 0.23122653921638928 0.22976792877503166 0.22799767218985267 0.2259231267327068 0.22355286515335224 0.22089661667349098 0.21796520047730772 0.2193506808237233 0.21583189837569033 0.2120711287625678 0.21242801553488222 0.20814033829891487 0.20365261619778885 0.20305155824117865 0.21797046325190103 0.22011094799656364 0.22545011988173647 0.27024661925728893 0.30123075785277265 0.35716856483005144 0.4253844995412349 0.4141917076273883 0.4027024475545868 0.38797166969204633 0.3732544824908788 ];
D = [0.16899165677111386 0.16898488047715693 0.17368288236832918 0.17826063952424462 0.18270194720956637 0.18699076793207114 0.19111132684077808 0.19504820756427305 0.1987864476827151 0.2068183899310724 0.21019022201843668 0.21331683843200644 0.21618573875980573 0.21878533964367625 0.2211050526311511 0.2231353559875252 0.22486785978692475 0.22629536365989605 0.2274119066413965 0.233185767009947 0.23367816237789865 0.23384252511282308 0.23367816237789862 0.23318576700994698 0.23236741265419739 0.23122653921638928 0.22976792877503166 0.22799767218985267 0.2259231267327068 0.22355286515335224 0.22089661667349098 0.21796520047730772 0.2193506808237233 0.21583189837569033 0.2120711287625678 0.21242801553488222 0.20814033829891487 0.20365261619778885 0.20305155824117865 0.21797046325190103 0.22011094799656364 0.22545011988173647 0.27024661925728893 0.30123075785277265 0.35716856483005144 0.4253844995412349 0.4141917076273883 0.4027024475545868 0.38797166969204633 0.3732544824908788 0.3585909488812595 0.34401936372926806 0.3295761123358957 0.31529554772706064 0.3012098869842285 0.28734912667171697 0.27374097723074803 0.2604108160337801 0.24738165862735234 0.23467414753916335 0.22230655788663795 0.21029481890087062 0.19865255037232532 0.18739111293355276 0.17651967101971705 0.16604526728993665 0.15597290725113871 0.1463056528008764 0.13704472339577167 0.1281896035571166 ];
E = [0.19820006093032205 0.2141570990285199 0.27024661925728927 0.301230757852773 0.3571685648300519 0.4253844995412353 0.4141917076273887 0.40270244755458723 0.3879716696920468 0.3732544824908793 ];
F = [0.44894228040143275 0.44892427853719974 0.44892427853719974 0.44892427853719974 0.44892427853719974 0.44892427853719974 0.44892427853719974 0.44892427853719974 0.44892427853719974 0.4589246555208211 0.4589246555208211 0.4589246555208211 0.4589246555208211 0.4589246555208211 0.4589246555208211 0.4589246555208211 0.4589246555208211 0.4589246555208211 0.4589246555208211 0.4689250285155483 0.4689250285155483 0.4689250285155483 0.4689250285155483 0.4689250285155483 0.4689250285155483 0.4689250285155483 0.4689250285155483 0.4689250285155483 0.4689250285155483 0.4689250285155483 0.4689250285155483 0.4689250285155483 0.4789253975213703 0.4789253975213703 0.4789253975213703 0.4889257625382761 0.4889257625382761 0.4889257625382761 0.49892612356625454 0.5489278688718631 0.5689285390712457 0.598929514452716 0.7389335915331876 0.8489362464450736 1.0389396952638315 1.278941993163094 1.2889420390414261 1.2989420809303425 1.2989420809303425 1.2989420809303425 ];
G = [0.16899165677111386 0.16898488047715693 0.17368288236832918 0.17826063952424462 0.18270194720956637 0.18699076793207114 0.19111132684077808 0.19504820756427305 0.1987864476827151 0.2068183899310724 0.21019022201843668 0.21331683843200644 0.21618573875980573 0.21878533964367625 0.2211050526311511 0.2231353559875252 0.22486785978692475 0.22629536365989605 0.2274119066413965 0.233185767009947 0.23367816237789865 0.23384252511282308 0.23367816237789862 0.23318576700994698 0.23236741265419739 0.23122653921638928 0.22976792877503166 0.22799767218985267 0.2259231267327068 0.22355286515335224 0.22089661667349098 0.21796520047730772 0.2193506808237233 0.21583189837569033 0.2120711287625678 0.21242801553488222 0.20814033829891487 0.20365261619778885 0.20305155824117865 0.17826063952424442 0.173682882368329 0.16898488047715673 0.1641829116544459 0.15929323457273217 0.15433199926178612 0.1493151609520294 0.14425839788808378 0.13917703367045056 0.13408596462178576 0.12899959260922536 ];
X = [1:1:90];
Y = [1:1:50];
Z = [1:1:70];
W = [1:1:10];