d81 = [111.523 192.779 1571.86
123.717 -95.7502 1404.7
355.842 -410.369 1146.76
-96.4111 -472.391 1183.6
112.06 192.926 1572.41
122.765 -98.4937 1403.98
359.694 -413.769 1142.41
-94.0752 -478.663 1166.85
114.441 193.141 1571.08
122.683 -100.16 1405.22
361.963 -414.647 1143.2
-89.7702 -483.366 1159.55
116.929 193.394 1569.75
124.582 -103.386 1404.23
360.278 -417.197 1138.33
-88.1685 -474.286 1163.73
118.724 193.572 1568.82
129.085 -96.8411 1418.73
356.885 -422.249 1133.7
-85.7254 -465.134 1164.71
119.895 193.743 1567.55
127.262 -97.2659 1423.99
353.398 -431.582 1129.88
-80.0408 -459.781 1170.63
121.126 193.095 1566.31
129.056 -95.1235 1426.67
343.961 -439.762 1135.83
-81.4467 -461.257 1165.01
122.044 192.305 1566.02
140.154 -83.5844 1425.63
345.597 -429.419 1140.28
-81.0169 -464.525 1157.78
123.977 192.531 1564.71
138.7 -84.0323 1428.34
341.581 -428.148 1145.63
-79.0163 -464.915 1156.32
124.161 192.101 1565.23
137.414 -82.9317 1429.06
337.473 -338.718 1247.1
-80.2257 -463.709 1154.28
124.278 192.458 1565.5
135.587 -85.0421 1423.81
337.071 -409.889 1190.77
-80.9548 -464.545 1142.83
124.557 193.281 1565.89
134.329 -81.9161 1424.94
331.376 -410.955 1187.95
-69.8008 -459.529 1157.58
124.827 194.447 1565.7
131.451 -84.4211 1407.38
330.628 -410.644 1186.54
-84.8296 -475.772 1137.46
125.366 195.653 1564.94
129.257 -84.9143 1406.76
327.748 -405.755 1180.87
-76.9492 -483.475 1148.77
125.591 196.33 1563.63
129.668 -84.8947 1405.59
325.341 -403.184 1167.39
-80.8153 -480.045 1151.04
125.47 196.836 1562.87
130.301 -85.2305 1404.76
327.336 -396.458 1148.94
-82.976 -480.906 1149.98
124.676 197.418 1562.39
130.529 -85.2938 1404.7
322.448 -388.543 1116.5
-80.1545 -477.368 1149.14
123.36 198.112 1562.63
131.142 -85.2317 1409.69
315.872 -377.606 1068.58
-92.0533 -480.248 1148.96
123.203 198.155 1562.69
131.27 -84.86 1408.16
302.962 -363.066 1015.85
-89.298 -480.669 1144.65
122.894 197.751 1562.79
131.508 -85.2508 1407.4
283.814 -332.301 973.355
-87.598 -467.806 1164.77
122.694 197.062 1563.11
130.882 -85.3613 1405.43
312.535 -308.234 946.266
-92.8915 -455.49 1162.63
122.415 196.531 1563.8
130.112 -84.7188 1402.51
276.804 -260.706 894.786
-102.877 -464.449 1147.74
120.973 195.682 1564.03
130.561 -82.4674 1383.38
301.715 -195.673 823.69
-102.773 -468.057 1147.91
119.738 195.061 1565.12
129.741 -80.2038 1381.38
300.11 -126.546 852.27
-107.09 -470.462 1151.16
118.778 194.989 1566.42
129.345 -78.8239 1390.77
248.621 -79.9956 836.678
-102.339 -470.721 1170.19
118.014 195.155 1567.4
127.119 -77.9859 1393.34
222.196 -23.4201 858.409
-92.0324 -482.631 1175.92
117.026 195.416 1568.93
118.554 -83.577 1398.83
268.274 11.5074 895.177
-99.1505 -471.948 1176.41
116.324 195.979 1569.54
114.283 -85.4193 1402.13
273.502 61.9774 882.471
-94.3245 -463.942 1181.59
115.122 196.338 1570.53
114.808 -84.2737 1401.87
274.354 96.9059 898.79
-100.441 -461.48 1164.81
114.092 197.482 1571.04
112.773 -83.7363 1408.63
269.246 134.565 898.35
-96.1531 -469.088 1167.84
113.379 198.523 1571.46
111.976 -82.1551 1411
269.037 160.571 909.328
-97.3674 -464.412 1156.54
113.827 199.73 1571.76
112.86 -75.9814 1415.23
256.029 201.06 896.779
-96.4771 -452.876 1181.52
114.565 200.945 1571.12
111.058 -75.1175 1417.93
261.976 228.256 915.227
-96.9302 -442.614 1187.69
115.822 200.894 1571.65
113.309 -71.5004 1419.46
251.069 251.841 917.154
-93.7495 -431.534 1202.82
117.451 200.518 1571.77
119.46 -46.8149 1415.5
244.727 272.274 915.726
-95.5943 -413.913 1228.26
118.573 200.542 1572.02
124.841 -34.296 1411.59
237.225 309.906 933.457
-103.303 -409.965 1248.77
120.148 201.043 1572.15
138.729 -38.8674 1414.66
238.804 351.111 952.805
-98.5742 -451.763 1218.02
123.127 204.287 1570.64
142.042 -40.6317 1420.35
228.283 367.587 973.483
-93.0125 -448.075 1225.6
122.868 205.024 1570.22
142.757 -39.8969 1428.72
226.254 380.138 994.701
-92.3749 -444.195 1224.78
126.928 207.098 1564.07
158.498 -34.5806 1424.07
224.26 385.195 1022.2
-98.4974 -435.386 1216.91
126.116 206.233 1563.62
154.956 -37.2504 1424.68
226.636 396.4 1042.95
-102.135 -439.361 1208.84
125.737 205.869 1564.14
152.391 -39.6055 1424.14
222.025 400.659 1060.43
-98.9016 -412.423 1232.66
125.491 205.187 1564.42
149.307 -42.314 1424.47
223.424 403.694 1069.75
-100.531 -445.248 1202.88
124.503 204.647 1564.48
146.753 -43.4907 1425.35
222.974 406.049 1083.84
-101.355 -441.977 1200.95
124.257 204.97 1563.83
145.955 -43.602 1426.33
221.533 409.485 1095.27
-100.086 -445.501 1195.45
124.329 205.585 1563.56
142.634 -46.3456 1423.94
221.439 416.769 1095.41
-97.5892 -447.306 1206.15
125.262 205.859 1563.8
141.772 -46.9484 1421.22
223.927 422.473 1100.48
-95.8674 -451.545 1209.77
125.879 205.053 1563.17
141.947 -43.8465 1420.99
223.255 423.91 1106.52
-93.1751 -445.383 1216.62
127.74 204.758 1562.84
142.731 -41.947 1422.95
224.773 416.241 1110.02
-90.7705 -440.801 1214.75
127.968 204.251 1563.08
143.283 -40.9131 1423.83
225.857 411.37 1110.02
-94.7241 -427.695 1222.79
128.078 204.435 1563.61
142.262 -41.7682 1422.57
225.587 411.868 1110.04
-96.5278 -437.66 1210.01
128.812 204.9 1563.36
142.681 -40.8251 1422.16
227.35 411.57 1101.99
-91.8771 -443.608 1211.1
129.298 204.296 1562.86
141.519 -41.2561 1422.08
224.533 401.666 1091.5
-90.4708 -443.122 1209.79
130.259 205.102 1563.06
140.799 -41.5689 1422.56
225.111 394.761 1084.23
-95.2921 -443.054 1202.9
130.631 205.884 1562.94
139.805 -42.0278 1424.57
218.154 390.703 1067.12
-93.5374 -442.183 1208.63
131.093 205.626 1562.01
136.271 -46.9007 1423.12
217.388 389.004 1049.52
-96.8812 -458.635 1198.97
136.831 205.24 1558.6
137.075 -45.0395 1422.87
214.507 372.891 1022.96
-63.2353 -454.253 1210.45
155.544 216.817 1534.66
137.127 -44.0081 1419.82
212.917 346.182 998.849
-94.8962 -458.07 1201.26
163.66 222.961 1521.98
135.042 -42.3775 1417.85
208.818 316.622 968.314
-91.1565 -454.242 1205.54
166.389 223.735 1517.37
135.489 -38.0209 1396.95
207.454 289.847 946.183
-92.7883 -448.569 1202.91
165.612 222.869 1522
132.885 -39.622 1404.88
200.352 247.524 925.427
-82.4514 -443.643 1205.38
146.283 208.04 1540.46
130.126 -39.5822 1398.54
198.211 225.231 910.078
-97.2577 -458.23 1197.2
138.924 201.877 1548.25
128.826 -39.1072 1393.29
206.388 193.752 886.459
-94.6305 -461.384 1199.83
147.068 208.679 1539.23
126.884 -39.7954 1387.85
204.493 159.514 869.717
-100.978 -462.374 1196.33
138.461 205.506 1544.18
125.783 -39.9837 1385.94
206.006 126.597 865.457
-107.497 -465.362 1181.64
131.832 205.313 1549.17
123.694 -41.6139 1377.84
202.895 81.2359 853.399
-102.117 -465.94 1190.76
121.251 205.548 1564.74
122.497 -40.3176 1373.44
202.02 39.6015 841.546
-101.886 -467.5 1192.03
122.148 204.507 1564.26
108.666 -31.534 1374.3
196.406 -4.8565 821.115
-108.531 -458.304 1196.68
121.584 202.529 1564.85
104.074 -38.9729 1374.5
184.132 -49.9102 819.478
-105.213 -460.539 1199.33
121.081 200.62 1565.3
102.235 -48.508 1365.55
184.879 -58.8862 809.859
-97.0008 -479.313 1201.37
121.034 199.125 1565.27
95.8415 -51.6978 1371.4
192.746 -90.5793 809.712
-108.097 -480.571 1192.09
120.385 198.09 1565.75
101.875 -57.9354 1393.23
207.842 -120.059 794.612
-92.9639 -484.01 1193.12
119.66 196.941 1565.73
102.603 -61.3596 1406.82
194.061 -151.316 788.607
-105.37 -482.192 1182.57
118.903 196.844 1565.89
102.744 -62.8342 1410.77
152.078 -214.593 850.792
-107.493 -482.188 1183.48
118.571 196.29 1565.8
105.503 -63.673 1410.87
159.688 -247.551 882.274
-95.7239 -482.941 1196.67
117.43 196.469 1566.22
107.501 -67.9521 1406.98
189.034 -270.402 857.141
-103.459 -477.193 1188.93
117.16 196.366 1566.04
110.148 -75.0049 1397.35
203.404 -297.735 863.249
-108.889 -480.316 1180.89
116.52 195.846 1565.93
110.37 -75.5345 1398.47
211.771 -328.908 886.848
-104.929 -477.838 1187.63
115.939 195.402 1565.73
110.756 -75.5069 1398.54
197.397 -361.635 918.705
-104.093 -473.208 1187.11
115.299 194.917 1565.8
110.395 -75.4174 1396.99
215.964 -386.023 954.145
-109.135 -468.026 1178.3
115.172 194.214 1565.26
111.994 -75.8619 1394.2
242.774 -384.41 994.53
-106.218 -480.666 1176.83
115.054 193.592 1564.6
