d51 = [174.973 201.385 1505.91
154.109 -57.6025 1398.97
380.242 -446.825 1173.54
-110.02 -464.363 1151.3
176.337 201.11 1505.75
156.263 -56.1791 1401.01
381.351 -444.384 1174.1
-91.6205 -465.772 1172.65
177.763 200.699 1507.76
159.65 -56.8556 1406.13
381.036 -446.919 1167.88
-117.353 -457.411 1151.42
177.678 200.653 1509.07
161.179 -58.6139 1407.72
381.09 -446.693 1168.39
-122.316 -447.468 1148.6
177.704 199.709 1510.5
161.561 -63.8498 1402.46
378.346 -440.634 1171.77
-134.683 -448.568 1140.54
177.295 198.563 1512.28
154.942 -69.4943 1397.86
376.819 -448.579 1167.65
-28.5258 -509.74 1234.25
176.318 197.944 1513.41
146.707 -76.4325 1396.12
375.133 -453.002 1161.97
-161.522 -429.388 1122.57
174.868 197.702 1514.82
145.855 -75.2158 1397
372.749 -450.201 1166.02
-139.517 -457.809 1194.39
173.739 197.227 1516.49
148.104 -70.1395 1399.34
369.583 -445.262 1168.08
-145.462 -432.254 1191.85
170.97 195.421 1522.7
145.858 -69.8329 1398.23
365.825 -443.631 1169.22
-209.593 -404.653 1097.65
167.429 194.655 1526.49
144.185 -69.2753 1398.51
362.648 -444.369 1167.64
-274.397 -448.058 1055.5
163.054 193.86 1530.72
138.28 -67.5166 1398.05
354.598 -449.512 1172.67
-303.388 -370.011 982.976
161.282 193.894 1531.19
133.381 -66.3343 1397.29
350.757 -442.217 1172.86
-317.097 -377.729 1022.47
157.931 193.688 1533.02
125.541 -67.4847 1394.46
354.507 -447.489 1167.8
-347.225 -331.908 1009.85
154.513 193.695 1534.8
127.432 -66.2303 1395.76
345.142 -443.725 1163.22
-376.456 -283.052 1003.04
151.78 194.441 1534.56
125.887 -67.6364 1396.76
349.441 -434.868 1155.36
-410.853 -217.81 998.078
150.634 193.936 1534.84
121.07 -70.1009 1396.58
346.451 -435.374 1155.58
-429.479 -154.706 996.148
146.423 192.407 1537.69
116.998 -73.6572 1397.91
344.985 -439.265 1150.4
-439.201 -81.2169 995.293
143.323 190.88 1539.44
115.776 -73.2559 1398.8
344.742 -437.864 1152.04
-441.701 -23.1679 993.258
139.878 189.759 1539.96
113.316 -73.9193 1399.23
342.783 -440.506 1156.97
-447.059 28.4177 983.691
138.437 189.433 1540.6
109.372 -74.2063 1398.89
343.953 -439.697 1154.94
-435.009 67.1225 980.099
136.384 188.54 1540.67
105.733 -72.5663 1397.94
344.23 -427.424 1167.48
-423.892 94.8433 961.857
134.789 188.192 1541.78
102.194 -68.7986 1396.54
307.619 -403.309 1217.8
-400.486 123.538 944.83
133.874 188.456 1543.56
102.055 -61.2277 1394.75
338.929 -466.363 1123.35
-366.973 142.666 933.285
133.668 188.726 1544.97
103.673 -56.9254 1393.16
338.656 -455.857 1130.65
-318.877 165.139 921.727
133.753 189.314 1545.85
105.367 -50.5439 1392.17
347.218 -376.189 1219.38
-273.473 175.953 915.085
134.403 190.071 1545.87
106.145 -48.772 1391.43
345.721 -388.784 1192.65
-240.601 189.042 897.536
134.448 190.147 1547.13
102.412 -58.543 1387.18
338.628 -368.452 1227.04
-193.542 209.626 902.783
135.08 190.486 1546.78
104.443 -53.4645 1387.65
317.893 -384.643 1215.85
-148.789 211.681 900.211
135.468 191.056 1545.29
116.952 -44.8581 1381.32
344.901 -415.661 1162.47
-109.879 221.36 902.168
135.529 191.022 1543.72
120.07 -39.2737 1379.38
347.761 -405.874 1162.08
-65.0933 220.962 911.723
136.11 191.361 1542.34
121.986 -23.4181 1380.16
344.667 -344.548 1229.33
-63.9405 210.606 866.977
153.552 206.97 1555.47
117.655 5.30241 1368.19
328.88 -354.535 1232.78
2.25274 160.477 898.145
147.177 233.051 1544.01
126.893 17.5696 1364.49
350.651 -389.111 1181.73
26.9383 224.198 874.288
152.138 232.97 1546.98
126.491 15.859 1357.28
346.594 -326.296 1260.44
57.4443 205.305 862.35
144.557 253.898 1509.86
124.186 14.16 1353.37
344.196 -324.633 1254.28
86.9656 219.147 880.168
146.343 276.55 1466.89
124.499 13.4825 1353.02
339.775 -333.039 1250.73
116.672 222.324 890.47
146.105 277.765 1461.1
139.216 -6.41643 1365.46
339.622 -329.842 1260.13
148.44 238.652 888.233
144.613 276.989 1450.25
143.161 -22.4642 1377.99
348.474 -338.485 1250.82
169.207 265.426 921.259
143.149 275.324 1440.93
144.515 -29.0547 1379.31
356.528 -407.589 1179.46
185.62 271.699 942.087
142.309 274.139 1433.93
146.515 -32.8575 1375.05
357.271 -407.229 1177.88
193.897 270.603 955.332
142.337 271.114 1426.87
147.95 -35.3623 1372.08
358.55 -406.019 1171.33
163.531 194.18 969.016
141.992 267.873 1420.36
149.384 -33.2622 1375.02
360.95 -406.94 1164.46
164.162 195.762 973.021
141.592 265.817 1414.6
148.761 -31.1023 1377.64
363.25 -405.839 1154.55
163.576 199.029 978.072
140.785 264.993 1410.27
146.889 -29.1945 1379.91
364.289 -401.121 1156.17
175.468 223.184 948.85
137.989 258.703 1391.59
144.769 -29.7675 1380.18
363.832 -406.201 1154.57
176.42 217.33 960.158
137.735 262.492 1405.93
142.211 -29.3291 1382.82
363.82 -404.532 1155.26
125.417 243.752 969.136
128.476 279.861 1375.02
134.521 -31.2956 1389.02
361.76 -403.451 1161.01
101.168 182.959 984.483
116.491 299.089 1347.51
134.121 -31.0147 1390.88
363.142 -404.274 1159.47
68.3603 246.369 943.905
117.031 298.826 1346.96
124.575 -41.0568 1394.08
359.901 -409.618 1160.32
49.7803 258.794 926.198
116.634 298.12 1346.93
120.288 -35.9084 1387.7
356.931 -411.505 1162.17
18.7522 262.112 913.706
99.6286 241.285 1334.8
115.62 -43.1487 1392.74
355.305 -414.182 1166.39
-13.2582 260.894 906.193
101.484 241.87 1334.66
114.567 -46.5291 1394.91
353.765 -416.205 1169.7
-45.2476 261.341 895.588
101.962 241.894 1326.24
113.745 -49.0652 1394.86
352.344 -418.379 1170.8
-83.253 260.5 898.903
123.043 201.843 1508.16
112.192 -47.14 1402.19
349.105 -423.076 1164.4
-117.939 264.216 901.86
124.259 198.586 1511.84
106.594 -50.5 1396.57
341.607 -425.959 1164.36
-154.149 254.318 904.641
124.401 198.927 1516.55
108.226 -50.5209 1395.48
341.477 -424.34 1159.8
-192.653 257.423 912.986
124.146 200.021 1518.68
108.659 -48.9896 1396.02
337.229 -424.668 1162.05
-226.875 249.295 917.422
124.214 201.401 1521.39
109.063 -48.9866 1396.37
332.365 -429.595 1168.47
-260.518 243.388 921.086
123.614 201.575 1522.32
109.475 -50.1333 1395.56
329.121 -432.11 1163.29
-292.76 223.154 930.236
123.07 200.85 1523.53
105.656 -49.9363 1395.8
326.814 -422.912 1157.94
-323.646 214.87 961.072
122.031 200.038 1523.52
102.852 -50.7095 1396.7
333.087 -397.436 1211.46
-346.841 207.816 954.031
120.386 198.929 1524.45
100.874 -50.9781 1397.68
320.988 -415.209 1183.3
-374.782 179.471 953.832
118.833 198.218 1525.89
83.1165 -57.3759 1401.39
316.219 -420.747 1177.97
-396.883 189.967 963.495
117.088 197.047 1526.76
60.0355 -56.1686 1406.29
309.925 -409.438 1192.67
-419.152 184.386 975.816
115.2 196.309 1526.88
60.2006 -57.4324 1405.29
306.506 -415.924 1181.67
-424.04 155.543 980.342
112.772 196.178 1525.8
60.7874 -58.0226 1405.56
303.15 -410.207 1185.83
-458.595 188.363 1004.91
110.564 195.809 1525.47
53.6092 -57.302 1411.23
301.497 -409.631 1184.49
-476.735 188.071 1024.32
108.377 195.203 1526.03
46.8231 -56.6327 1422.88
293.809 -410.267 1179.2
-494.889 198.316 1040.56
104.088 193.392 1527.82
44.5414 -57.614 1422.06
288.787 -410.259 1193.72
-527.18 199.594 1060.35
100.173 191.764 1527.64
42.5638 -59.0074 1421.91
288.299 -410.189 1180.46
-553.022 201.434 1091.43
97.4622 190.807 1527.7
40.1461 -60.0545 1422.59
287.082 -413.206 1183.36
-574.542 193.738 1103.69
94.5183 189.702 1528.93
38.2548 -61.3016 1421.78
284.162 -417.01 1185.15
-587.353 184.36 1105.31
92.0641 189.733 1529.27
34.8324 -62.5963 1422.83
282.36 -415.889 1190.88
-592.47 165.252 1106.9
88.7829 188.9 1528.42
32.1663 -62.7188 1421.91
281.736 -422.107 1191.81
-594.015 153.494 1107.44
86.5724 187.595 1528.16
28.8215 -63.2037 1420.33
281.309 -416.946 1201.45
-594.38 141.541 1103.25
83.9669 186.983 1528.7
29.0838 -65.1466 1418.41
287.811 -412.078 1208.93
-594.168 129.554 1098.11
83.7824 186.493 1529.55
37.6256 -75.5007 1407.44
283.156 -433.773 1186.7
-589.084 130.91 1101.35
83.2858 186.251 1530.16
36.4398 -73.9008 1410.5
282.026 -431.027 1207.48
-575.735 117.826 1070.22
81.59 185.742 1529.76
35.0302 -72.0588 1414.5
288.246 -431.617 1210.84
-565.821 117.784 1061.87
79.0945 185.391 1530.65
34.3659 -69.6746 1416.94
280.501 -435.732 1194.37
-556.032 119.445 1051.19
77.63 184.847 1531.54
36.8109 -70.6733 1413.73
286.642 -437.966 1197.33
