d2 = [63.326 113.194 1588.78
39.8738 -141.664 1474.26
463.356 -391.239 1254.37
-370.409 -463.683 1266.38
63.0391 113.06 1589.49
39.5062 -140.017 1477.96
473.944 -393.21 1250.53
-379.734 -459.15 1271.49
63.148 113.338 1591.94
38.8662 -132.959 1492.76
484.121 -392.772 1253.33
-389.849 -466.136 1270.3
63.2151 113.759 1593.13
40.0328 -126.862 1504.4
492.175 -387.697 1255.59
-410.709 -472.902 1265.74
63.6344 114.261 1593.99
42.9368 -127.497 1502.79
500.562 -389.082 1256.95
-427.647 -476.336 1265.88
63.6978 114.629 1594.88
45.3206 -119.102 1494.63
513.629 -384.726 1252.62
-448.694 -482.182 1268.21
63.4906 115.028 1595.02
31.5161 -129.892 1494.26
513.577 -387.374 1259.52
-457.218 -473.442 1275.98
63.5477 114.608 1594.93
26.9444 -143.25 1481.96
527.95 -404.46 1250.81
-475.76 -469.707 1284.1
64.1077 114.199 1594.23
26.2579 -147.807 1475.64
532.438 -410.972 1250.44
-512.026 -459.994 1273.45
64.3416 113.86 1593.35
26.0841 -147.236 1472.42
534.465 -412.817 1262.53
-510.341 -464.878 1284.38
64.0299 113.744 1592.2
32.8462 -140.865 1477.57
543.267 -414.149 1264.56
-497.407 -471.802 1297.7
63.9511 114.04 1591.62
31.6994 -142.754 1472.09
542.404 -418.934 1268.4
-503.713 -471.997 1289.89
64.1014 114.138 1590.57
24.9983 -151.511 1459.18
537.978 -410.231 1277.74
-504.079 -486.733 1286.83
-0.962853 -10.7587 1628.37
-14.3579 -211.455 1528.98
-69.5121 28.2374 990.09
-150.169 -481.91 1248.22
21.4864 4.37886 1631.31
14.1004 -186.497 1537.43
-83.177 25.9264 998.971
-147.404 -485.262 1248.21
31.2866 10.5472 1633.03
25.7807 -175.295 1542.5
-96.5188 24.0571 1010.1
-147.625 -479.616 1252.94
35.959 13.0465 1630.47
31.5828 -170.907 1542.43
-110.331 23.485 1023.63
-147.426 -480.213 1254.74
38.4992 16.171 1629.66
33.3529 -167.746 1542.33
-123.24 21.9506 1039.83
-146.886 -478.263 1261.69
38.5048 16.3953 1629.25
35.3382 -166.808 1542.9
-136.37 18.6731 1054.11
-147.909 -473.158 1269.78
38.8461 16.5142 1629.05
35.5914 -165.457 1542.46
-146.065 15.8812 1070.55
-148.109 -473.038 1274.83
39.9341 15.1797 1628.94
36.701 -166.176 1542.06
-158.539 12.7713 1086.56
-148.184 -472.716 1276.62
39.6785 16.4568 1629.89
36.3614 -165.784 1543.52
-167.268 9.60853 1101.28
-147.99 -472.551 1277.86
39.9725 16.5721 1629.37
36.2134 -166.157 1544.51
-171.596 7.85579 1114.07
-147.893 -473.691 1278.4
40.4453 16.7101 1629.12
35.7909 -166.239 1544.58
-171.27 5.70812 1121.14
-148.908 -472.754 1279.07
40.4976 17.2501 1628.5
37.6267 -165.941 1545.34
-175.838 2.43799 1143.08
-150.067 -472.514 1279.35
41.6419 17.0277 1632.14
38.9601 -165.08 1546.29
-181.684 -2.22575 1159.82
-150.072 -472.101 1278.54
40.916 15.8943 1629.99
37.2803 -165.548 1543.66
-183.308 -9.38235 1171.26
-152.552 -475.119 1277.7
40.6645 14.9765 1628.92
36.876 -167.43 1543.74
-182.553 -17.7404 1175.36
-152.563 -475.065 1276.27
41.187 12.3123 1628.87
36.6688 -169.508 1543.88
-180.547 -24.8635 1175.17
-150.765 -474.873 1274.65
41.5386 11.7682 1628.86
38.4761 -170.541 1543.47
-181.077 -30.2589 1171.62
-148.961 -474.686 1273.22
42.8909 12.136 1629.35
36.9072 -169.76 1543.26
-181.681 -35.6036 1164.11
-147.077 -474.487 1271.24
44.2524 10.8629 1629.11
40.8322 -170.613 1543.71
-179.231 -37.7928 1153.64
-145.823 -474.118 1269.97
45.1572 11.7341 1628.97
42.6732 -169.429 1542.8
-173.104 -36.7303 1142.61
-145.162 -473.821 1269.46
45.8694 11.9584 1631.9
43.6367 -168.813 1543.38
-167.434 -32.953 1130.93
-146.703 -475.157 1269.71
47.8551 12.0697 1634.88
44.2937 -167.744 1545.24
-162.133 -29.7893 1119.57
-145.376 -474.725 1269.08
48.3457 13.2515 1635.36
44.6466 -167.421 1548.95
-153.334 -26.5066 1107.14
-146.106 -475.943 1270.34
49.3763 15.1525 1636.11
44.5364 -165.875 1550.77
-146.852 -25.0125 1095.51
-146.667 -475.839 1271.8
50.7344 15.8931 1639.48
44.9188 -165.302 1554.01
-137.853 -24.5024 1082.99
-145.206 -473.712 1273.03
53.1773 19.5034 1641.18
47.2494 -162.887 1557.5
-127.114 -20.8591 1071.93
-144.534 -472.242 1273.99
55.7184 23.6088 1643.52
49.0946 -158.623 1561.01
-117.48 -16.8978 1061.83
-143.489 -470.694 1275.91
59.6438 29.1351 1643.68
52.3576 -153.947 1563.38
-108.321 -11.6383 1052.27
-142.109 -468.964 1278.87
62.1086 38.634 1646.28
54.2968 -145.617 1567.29
-96.3452 -6.94972 1043.33
-141.766 -467.215 1282.49
64.2349 45.4213 1649.07
54.8907 -140.654 1572.63
-84.0609 -1.99721 1036.09
-141.803 -466.14 1287.59
64.4736 57.5693 1654.48
56.616 -128.253 1580.34
-71.9402 0.438392 1029.29
-142.319 -464.904 1292.06
66.2466 65.8263 1657.17
58.3589 -120.683 1585.32
-58.7035 4.23643 1023.29
-143.38 -461.753 1301.07
3.6034 3.3829 1635.21
-7.9981 -214.16 1531.46
126.985 28.0077 963.529
-103.672 -475.674 1196.14
39.574 7.87418 1631.28
28.0273 -193.118 1537.02
139.526 28.81 962.924
-101.961 -476.599 1194.1
56.6099 9.75741 1627.56
45.4331 -182.659 1539.14
152.745 29.0511 962.754
-110.981 -472.659 1218.64
65.3287 10.2987 1621.64
54.8707 -178.945 1537.14
167.236 30.2263 963.146
-115.393 -469.745 1231.92
71.1461 10.7595 1621.74
60.19 -176.673 1537.7
180.02 30.1415 963.381
-117.24 -470.056 1236.96
75.3625 10.8253 1622.78
63.4075 -174.868 1539.28
192.862 32.3181 963.495
-117.135 -468.427 1240.27
77.8119 12.2014 1618.82
66.1351 -173.547 1537.6
205.177 32.2739 963.594
-115.999 -467.649 1242.33
80.3264 12.285 1614.84
68.0835 -174.077 1534.74
218.732 33.2703 965.08
-115.608 -467.91 1241.26
81.3263 13.1949 1618.84
69.19 -172.444 1538.1
232.605 32.615 966.913
-114.07 -467.427 1240.04
82.6039 13.572 1620.85
70.8055 -171.352 1538.65
246.636 33.3057 969.154
-112.688 -466.437 1239.23
84.3643 12.6931 1619.36
72.0812 -172.428 1537.52
259.314 33.7907 971.331
-111.321 -465.085 1238.83
84.6043 12.4398 1614.11
72.1554 -173.507 1534.51
272.793 36.7431 974.25
-109.238 -464.96 1237.05
84.9832 13.0447 1610.98
72.1595 -173.7 1532.97
285.086 37.0395 976.954
-108.721 -464.311 1236.17
86.2648 13.3235 1610.42
73.896 -173.217 1532.52
297.892 37.9685 979.872
-106.616 -464.421 1234.4
88.1996 13.044 1613.64
75.4979 -173.065 1533.16
314.335 39.0389 984.506
-105.758 -464.017 1235.46
89.7323 11.9044 1610.75
76.5454 -174.364 1531.43
333.474 41.0257 989.866
-104.364 -463.473 1235.01
90.7526 11.2965 1609.8
77.5863 -174.584 1530.74
350.95 44.02 994.568
-102.144 -462.832 1233.62
91.3753 11.6126 1605.83
78.7324 -175.443 1528.39
369.62 46.8882 999.728
-99.8674 -463.801 1229.2
93.1291 12.0005 1607.34
79.995 -175.063 1529.37
385.615 47.7848 1005.11
-97.659 -464.099 1228.45
93.4358 12.1979 1608.1
80.3544 -174.584 1530.1
400.916 48.2013 1010.56
-96.6949 -463.901 1226.82
94.4724 12.3218 1605.49
82.7213 -175.17 1528.51
416.361 48.2688 1015.76
-96.1128 -463.293 1227.65
95.1819 11.8812 1603.68
83.6054 -175.958 1527.63
428.526 46.5382 1021.04
-95.4498 -464.573 1225.88
95.4193 11.2931 1602.27
84.6672 -176.38 1526.41
438.526 45.8288 1028.28
-94.6305 -465.283 1226.78
96.3592 12.8221 1603.07
85.3424 -175.482 1527.74
446.37 42.8495 1037.45
-93.2345 -466.104 1225.78
97.1729 12.0634 1605.96
85.711 -175.522 1529.61
460.069 41.3901 1046.57
-91.7998 -466.033 1226.02
98.0017 12.5696 1607.41
85.9219 -174.694 1530.83
473.816 41.9626 1055.86
-91.962 -466.377 1226.53
100.1 10.7633 1609.13
86.7279 -175.91 1531.05
489.686 42.3027 1062.55
-93.1808 -467.066 1227.21
100.453 11.2097 1605.49
87.0926 -176.296 1529.33
505.235 37.0492 1065.8
-93.5471 -467.109 1225.84
101.13 10.1115 1603.68
88.3563 -177.858 1527.87
516.873 31.6697 1064.44
-92.5148 -467.13 1224.5
101.411 9.61025 1602.26
88.5181 -178.873 1526.73
520.839 22.6927 1059.97
-90.7103 -467.58 1223.94
102.381 9.57494 1605.56
88.9711 -177.566 1529.64
521.863 18.9353 1053.05
-89.8611 -467.34 1223.24
102.827 10.8561 1607.72
87.1382 -176.295 1531.64
515.863 14.4028 1045.99
-89.6549 -467.241 1224.53
102.36 10.7323 1608.29
86.8145 -176.017 1532.37
506.214 11.3385 1039.4
-90.4154 -465.794 1228.35
101.776 10.5723 1604.57
85.691 -176.894 1530.05
496.42 9.16183 1032.54
-93.8242 -465.837 1230.57
101.386 9.75747 1606.22
85.5264 -177.055 1530.87
486.904 7.78936 1025.15
-95.8912 -464.477 1234.37
100.957 9.17887 1607.03
85.8709 -177.437 1531.27
476.722 7.26628 1018.23
-98.1935 -464.83 1236.96
