C = [
-4.780645 -5.257325 -4.858056
-4.115215 -4.583956 -4.306981
-3.853809 -4.232004 -3.946128
-3.630353 -3.939269 -3.589622
-3.370997 -3.753346 -3.438143
-3.146144 -3.567556 -3.295688
-3.048139 -3.478846 -3.237758
-2.959119 -3.402423 -3.147071
-2.865465 -3.290705 -3.053848
-2.800363 -3.172240 -2.943255
-2.739186 -3.056939 -2.846778
-2.690063 -2.963392 -2.748060
-2.642156 -2.883924 -2.650858
-2.601612 -2.805953 -2.550648
-2.553225 -2.732428 -2.467539
-2.510514 -2.657411 -2.392704
-2.462073 -2.601824 -2.336343
-2.421579 -2.561877 -2.298834
-2.365212 -2.524340 -2.270650
-2.302641 -2.483592 -2.231938
-2.235503 -2.440764 -2.202383
-2.182351 -2.395607 -2.166943
-2.139934 -2.362180 -2.133849
-2.107745 -2.324999 -2.098320
-2.070873 -2.290898 -2.063710
-2.030400 -2.242639 -2.029988
-1.990652 -2.194164 -1.985573
-1.951773 -2.150140 -1.944806
-1.918082 -2.114288 -1.907206
-1.876019 -2.073051 -1.868139
-1.835052 -2.030040 -1.833452
-1.798036 -1.998823 -1.807356
-1.765635 -1.965293 -1.768801
-1.738043 -1.931081 -1.744079
-1.713303 -1.893481 -1.718557
-1.690001 -1.867124 -1.689845
-1.664185 -1.833443 -1.667242
-1.650503 -1.801177 -1.633167
-1.632638 -1.782269 -1.599639
-1.609763 -1.760328 -1.571213
-1.593469 -1.738090 -1.543579
-1.575789 -1.718476 -1.510383
-1.560129 -1.688975 -1.480458
-1.548565 -1.658624 -1.453711
-1.525605 -1.624897 -1.421357
-1.506469 -1.605028 -1.396987
-1.490449 -1.572706 -1.368634
-1.471439 -1.545662 -1.344447
-1.452167 -1.518500 -1.323163
-1.432479 -1.485892 -1.305970
-1.411473 -1.455693 -1.276720
-1.392344 -1.434400 -1.271125
-1.371979 -1.408343 -1.246870
-1.350463 -1.386826 -1.224458
-1.324033 -1.364245 -1.206584
-1.302507 -1.337372 -1.190586
-1.287113 -1.307103 -1.161019
-1.269366 -1.283061 -1.144793
-1.244033 -1.257481 -1.127013
-1.225220 -1.235591 -1.114837
-1.198507 -1.214816 -1.097313
-1.174263 -1.195102 -1.077448
-1.136048 -1.185214 -1.070694
-1.114924 -1.172288 -1.050572
-1.096986 -1.167743 -1.039315
-1.071829 -1.147051 -1.021370
-1.048838 -1.120897 -1.013065
-1.031619 -1.100733 -0.997628
-1.011440 -1.086566 -0.985482
-1.011020 -1.062435 -0.971441
-0.993297 -1.040217 -0.946810
-0.985249 -1.022789 -0.938275
-0.958421 -0.999901 -0.921072
-0.945592 -0.978994 -0.898825
-0.957555 -0.962288 -0.892065
-0.938245 -0.942459 -0.883473
-0.913905 -0.928213 -0.863958
-0.890545 -0.912577 -0.847136
-0.871206 -0.893813 -0.832828
-0.839807 -0.874972 -0.826079
-0.818246 -0.861288 -0.808965
-0.788145 -0.836412 -0.791896
-0.770438 -0.816515 -0.781480
-0.737007 -0.793540 -0.760149
-0.715137 -0.780661 -0.746637
-0.695927 -0.767099 -0.732783
-0.676685 -0.753336 -0.714770
-0.652072 -0.738272 -0.703860
-0.633567 -0.721159 -0.692858
-0.611806 -0.719509 -0.685693
-0.591695 -0.703272 -0.669913
-0.574754 -0.675640 -0.667166
-0.555082 -0.656093 -0.650307
-0.542039 -0.653309 -0.634797
-0.532938 -0.645721 -0.618585
-0.521187 -0.594695 -0.604851
-0.516232 -0.576979 -0.594036
-0.506662 -0.553879 -0.572799
-0.497515 -0.523298 -0.546783
-0.493653 -0.499937 -0.508709
-0.489290 -0.478236 -0.491368
-0.466044 -0.459921 -0.458184
-0.437275 -0.450321 -0.431293
-0.424019 -0.425751 -0.394160
-0.406857 -0.405280 -0.373176
-0.386975 -0.387217 -0.356822
-0.376135 -0.369487 -0.341530
-0.349990 -0.351566 -0.319578
-0.333976 -0.331425 -0.301432
-0.315588 -0.318802 -0.276185
-0.269385 -0.298684 -0.264192
-0.237990 -0.281779 -0.240587
-0.220736 -0.263633 -0.229028
-0.201195 -0.240135 -0.204407
-0.181488 -0.219970 -0.186270
-0.169707 -0.201703 -0.172916
-0.150343 -0.191802 -0.153465
-0.135339 -0.177730 -0.139497
-0.128088 -0.159964 -0.123370
-0.111215 -0.145256 -0.110515
-0.103528 -0.129895 -0.095675
-0.092624 -0.109309 -0.084257
-0.073446 -0.091496 -0.069628
-0.063455 -0.078215 -0.057394
-0.052486 -0.064566 -0.049614
-0.042256 -0.047198 -0.037440
-0.026521 -0.031185 -0.025134
-0.018740 -0.022982 -0.011514
0.000000 0.000000 0.000000
0.007991 0.018150 0.017629
0.026516 0.036291 0.035587
0.033257 0.040021 0.040826
0.058177 0.054099 0.057529
0.064691 0.071271 0.074610
0.083472 0.086759 0.093076
0.101169 0.098102 0.107573
0.112195 0.115759 0.123171
0.124190 0.131317 0.138966
0.134930 0.133878 0.156080
0.145562 0.154052 0.166904
0.153999 0.175464 0.179563
0.171273 0.196325 0.198643
0.179487 0.210239 0.212272
0.194061 0.232256 0.234989
0.212172 0.252658 0.252691
0.227053 0.276154 0.267501
0.243960 0.294417 0.281190
0.264133 0.309301 0.298228
0.277530 0.326245 0.319822
0.286741 0.345049 0.333987
0.308684 0.360831 0.353051
0.326748 0.379339 0.371568
0.345298 0.394114 0.387489
0.373752 0.415630 0.395708
0.390921 0.431454 0.415173
0.414754 0.449244 0.433581
0.431644 0.464572 0.453148
0.445341 0.478735 0.462080
0.466116 0.493450 0.472933
0.482748 0.503011 0.506567
0.497974 0.524204 0.529057
0.520862 0.542523 0.538851
0.547416 0.557902 0.559546
0.552979 0.580037 0.578800
0.576601 0.592188 0.593546
0.600687 0.608585 0.612147
0.617373 0.624079 0.627802
0.629660 0.639263 0.643508
0.647330 0.663699 0.667293
0.665857 0.676932 0.683812
0.670542 0.692870 0.704247
0.679774 0.711363 0.713439
0.684607 0.724144 0.732867
0.702082 0.740292 0.755325
0.713982 0.753047 0.764440
0.725373 0.767349 0.780807
0.743819 0.790842 0.806853
0.766711 0.792358 0.821722
0.791070 0.792067 0.831312
0.811460 0.791542 0.840992
0.825293 0.795931 0.854518
0.839711 0.793045 0.872687
0.852788 0.806072 0.881222
0.856020 0.811866 0.887200
0.868196 0.827076 0.894694
0.894056 0.840370 0.913458
0.896978 0.854068 0.923432
0.915475 0.871569 0.928140
0.928475 0.894150 0.940624
0.942141 0.905649 0.947827
0.963396 0.918521 0.954106
0.977175 0.932479 0.964816
0.986375 0.938929 0.975795
1.002952 0.955328 0.998168
1.015881 0.978446 1.006602
1.028457 0.997364 1.022813
1.028733 1.012486 1.032681
1.046382 1.035186 1.052430
1.061096 1.050020 1.067289
1.077714 1.066184 1.082632
1.089562 1.094674 1.098489
1.117398 1.121119 1.115317
1.136945 1.141533 1.129935
1.162639 1.156363 1.135718
1.177686 1.173280 1.148255
1.191002 1.196597 1.161622
1.211707 1.211675 1.178286
1.221821 1.225897 1.200585
1.225736 1.231277 1.208501
1.247868 1.248350 1.227037
1.256341 1.265563 1.239471
1.274856 1.279374 1.254766
1.293615 1.284540 1.263911
1.314110 1.302266 1.281876
1.332639 1.335082 1.286802
1.355069 1.358416 1.314850
1.372569 1.379942 1.323670
1.402577 1.404183 1.323803
1.424666 1.427903 1.330549
1.455405 1.449936 1.329027
1.477308 1.477502 1.349713
1.493384 1.495432 1.365048
1.513608 1.522913 1.362930
1.535724 1.535514 1.369348
1.564655 1.554175 1.382964
1.577377 1.565603 1.382367
1.599890 1.579749 1.419608
1.609559 1.592441 1.445319
1.626450 1.609483 1.451446
1.652979 1.616880 1.469984
1.666349 1.633953 1.493628
1.676873 1.649909 1.510987
1.697534 1.666524 1.554475
1.708155 1.674523 1.568488
1.724411 1.686936 1.589504
1.738988 1.708948 1.619217
1.746450 1.722211 1.647854
1.762998 1.724106 1.661217
1.782282 1.743610 1.684466
1.797761 1.763366 1.703067
1.819128 1.780324 1.726531
1.832761 1.801642 1.753249
1.856927 1.824984 1.768565
1.862403 1.834937 1.807557
1.883548 1.860428 1.836276
1.903882 1.886470 1.830324
1.918879 1.903212 1.888924
1.953235 1.922825 1.878904
1.982722 1.961350 1.957691
2.021662 2.008539 1.956519
2.082001 2.068338 2.045851
2.181947 2.141898 2.163156
2.304774 2.244764 2.189219
2.369348 2.403788 2.397548
2.369348 2.403788 2.397548
2.369348 2.403788 2.397548
];