x1 = 0:1:50;
f = int